478_5 1000 25 6.25 2500
478_4 1000 25 6.25 2500
478_3 1000 25 6.25 2500
478_1 1000 25 6.25 2500
480_5 1000 25 6.25 2500
480_3 1000 25 6.25 2500
478_2 1000 25 6.25 2500
480_1 1000 25 6.25 2500
480_4 1000 25 6.25 2500
480_2 1000 25 6.25 2500
484_4 1000 25 6.25 2500
484_1 1000 25 6.25 2500
484_2 1000 25 6.25 2500
484_3 1000 25 6.25 2500
484_5 1000 25 6.25 2500
481_2 1000 25 6.25 2500
481_5 1000 25 6.25 2500
481_3 1000 25 6.25 2500
481_1 1000 25 6.25 2500
481_4 1000 25 6.25 2500
485_4 1000 25 6.25 2500
485_2 1000 25 6.25 2500
485_1 1000 25 6.25 2500
485_3 1000 25 6.25 2500
485_5 1000 25 6.25 2500
491_2 1000 25 6.25 2500
491_3 1000 25 6.25 2500
491_5 1000 25 6.25 2500
491_1 1000 25 6.25 2500
486_5 1000 25 6.25 2500
486_1 1000 25 6.25 2500
486_2 1000 25 6.25 2500
486_4 1000 25 6.25 2500
487_2 1000 25 6.25 2500
487_3 1000 25 6.25 2500
487_4 1000 25 6.25 2500
491_4 1000 25 6.25 2500
487_5 1000 25 6.25 2500
486_3 1000 25 6.25 2500
487_1 1000 25 6.25 2500
492_5 1000 25 6.25 2500
492_2 1000 25 6.25 2500
492_4 1000 25 6.25 2500
489_1 1000 25 6.25 2500
489_5 1000 25 6.25 2500
489_4 1000 25 6.25 2500
492_3 1000 25 6.25 2500
492_1 1000 25 6.25 2500
489_3 1000 25 6.25 2500
493_4 1000 25 6.25 2500
489_2 1000 25 6.25 2500
493_1 1000 25 6.25 2500
