ABIE.BAL 0.692 0.692 0.737 0.737 0.737 0.692 0.692 0.737 0.692 0.692 0.737 0.737 0.737 0.737 0.737 0.786 0.737 0.786 0.737 0.737 0.737 0.737 0.737 0.737 0.737
ACER.RUB 0.614 0 0.692 0.692 0.786 0.614 0 0.692 0.173 0.614 0.692 0.737 0.786 0.692 0.692 0.786 0.786 0.786 0.786 0.786 0.737 0.786 0.786 0.786 0.737
ACER.SAH 0.551 0.455 0.551 0.614 0.692 0.551 0.347 0.614 0.523 0.551 0.614 0.692 0.692 0.581 0.651 0.692 0.692 0.692 0.692 0.692 0.692 0.692 0.692 0.692 0.692
BETU.ALL 0.581 0 0.614 0.651 0.692 0.551 0 0.651 0.314 0.581 0.692 0.692 0.692 0.614 0.692 0.692 0.692 0.692 0.692 0.692 0.692 0.737 0.692 0.692 0.692
BETU.PAP 0.786 0.786 0.786 0.786 0.838 0.786 0.786 0.786 0.786 0.786 0.786 0.838 0.838 0.786 0.786 0.838 0.838 0.838 0.838 0.838 0.838 0.838 0.838 0.838 0.838
FAGU.GRA 0.498 0.401 0.523 0.551 0.614 0.476 0 0.551 0.401 0.498 0.551 0.581 0.614 0.551 0.551 0.692 0.614 0.692 0.614 0.614 0.614 0.692 0.692 0.692 0.614
FRAX.AME 0.324 0 0.386 0.614 0.651 0 0 0.551 0 0 0.614 0.651 0.651 0.581 0.651 0.692 0.651 0.692 0.651 0.651 0.651 0.692 0.692 0.692 0.651
LARI.LAR 0.786 0.786 0.786 0.786 0.838 0.786 0.737 0.786 0.786 0.786 0.838 0.838 0.838 0.786 0.838 0.838 0.838 0.838 0.838 0.838 0.838 0.838 0.838 0.838 0.838
PICE.GLA 0.692 0.651 0.692 0.692 0.692 0.692 0.651 0.692 0.651 0.692 0.692 0.692 0.692 0.692 0.692 0.737 0.737 0.737 0.737 0.692 0.692 0.737 0.737 0.737 0.692
PICE.MAR 0.614 0.581 0.614 0.614 0.651 0.614 0.551 0.614 0.581 0.614 0.614 0.614 0.651 0.614 0.614 0.614 0.651 0.614 0.651 0.651 0.614 0.651 0.651 0.651 0.614
PICE.RUB 0.498 0.401 0.498 0.498 0.551 0.498 0.288 0.498 0.435 0.498 0.551 0.551 0.581 0.498 0.551 0.614 0.581 0.614 0.581 0.581 0.581 0.614 0.614 0.614 0.581
PINU.BAN 0.786 0.786 0.786 0.786 0.838 0.786 0.737 0.786 0.786 0.786 0.838 0.838 0.838 0.786 0.838 0.944 0.838 0.944 0.838 0.838 0.838 0.838 0.838 0.838 0.838
PINU.RES 0.651 0.335 0.692 0.692 0.737 0.651 0 0.692 0.347 0.651 0.737 0.737 0.737 0.692 0.737 0.737 0.737 0.737 0.737 0.737 0.737 0.737 0.737 0.737 0.737
PINU.STR 0.614 0.372 0.651 0.692 0.692 0.551 0 0.692 0.455 0.614 0.692 0.692 0.692 0.692 0.692 0.737 0.692 0.737 0.692 0.692 0.692 0.737 0.692 0.692 0.692
POPU.TRE 0.786 0.786 0.786 0.838 0.893 0.786 0.786 0.838 0.786 0.786 0.838 0.893 0.893 0.838 0.838 0.944 0.944 0.944 0.944 0.893 0.838 0.944 0.944 0.944 0.893
QUER.RUB 0.523 0.435 0.551 0.614 0.651 0.498 0 0.551 0.455 0.523 0.614 0.651 0.651 0.614 0.651 0.692 0.651 0.692 0.651 0.651 0.651 0.692 0.692 0.692 0.651
THUJ.SPP.ALL 0.498 0.401 0.498 0.523 0.581 0.498 0.229 0.523 0.401 0.498 0.551 0.581 0.614 0.523 0.551 0.614 0.614 0.614 0.581 0.581 0.614 0.614 0.614 0.614 0.614
TSUG.CAN 0.401 0.324 0.435 0.435 0.498 0.386 0 0.435 0.335 0.401 0.498 0.498 0.498 0.435 0.498 0.551 0.523 0.551 0.498 0.498 0.498 0.551 0.551 0.523 0.498
